gigantic_search/1.json,GA2,T30_ls,T15_ls_v2,C30,TLBO_v2,J15_ls_v2,GA2_ls,C15_v2,C3_ls_v2,J1_ls_v2,C7_v2,J15_ls,J3,T3_v2,T7_ls,C7,GA30,C7_ls,GA20,C1,T1_v2,C30_ls_v2,GA5_ls,T1_ls,T7_v2,T1_ls_v2,C3_v2,C15,TLBO_ls,J1_v2,T7_ls_v2,J30_ls_v2,T15,T30_ls_v2,LBO_ls_v2,T1,GA30_ls,VND,C3_ls,T15_ls,C1_ls,J15,C30_v2,J15_v2,J7_v2,LS,T3,T3_ls,C15_ls,C1_v2,C1_ls_v2,T3_ls_v2,LBO_ls,J3_ls,GA10,TLBO_ls_v2,TLBO,GA5,T30,GA20_ls,J30,J7_ls_v2,C7_ls_v2,J3_v2,control,C3,J30_ls,T15_v2,J3_ls_v2,LF,GA10_ls,J1,C15_ls_v2,T30_v2,T7,J7,C30_ls,J30_v2,J1_ls,LBO_v2,LBO,J7_ls
GA2,0,497.866666666667,546.088888888889,884.833333333333,266.044444444444,426.855555555556,223.677777777778,791.255555555556,805.755555555556,771.5,803.966666666667,415.344444444444,657.255555555556,484.522222222222,566.9,917.177777777778,210.211111111111,806.277777777778,208.988888888889,952.222222222222,655.022222222222,779.122222222222,220.955555555555,619.644444444444,471.133333333333,618.488888888889,825.2,908.6,276.911111111111,1052.5,575.933333333333,353.911111111111,479.566666666667,500.066666666667,279.388888888889,700.277777777778,219.655555555556,914.522222222222,812.977777777778,544.077777777778,824.322222222222,432.344444444444,764.411111111111,425.922222222222,522.066666666667,1030.62222222222,535.3,595.333333333333,799.255555555556,852.344444444444,814.533333333333,594.777777777778,276.955555555556,536.211111111111,206.255555555556,280.822222222222,258.111111111111,206.366666666667,442.277777777778,223.211111111111,319.111111111111,488.966666666667,797.4,679.444444444444,1140.64444444444,929,345.388888888889,447.555555555556,569.355555555556,1118.75555555556,222.911111111111,1100.7,794.777777777778,425.033333333333,501.033333333333,536.911111111111,786.777777777778,325.333333333333,797.733333333333,280.655555555556,271.888888888889,466.322222222222
T30_ls,497.866666666667,0,373.555555555555,894.077777777778,507.355555555556,379.588888888889,440.522222222222,821.855555555556,591.311111111111,548.144444444444,835.211111111111,376.811111111111,723.166666666667,579.722222222222,380.588888888889,917.622222222222,500.833333333333,593.5,493.144444444444,943.622222222222,734.622222222222,574.722222222222,448.444444444445,423.933333333333,566.533333333333,425.222222222222,848.822222222222,913.755555555556,411,1044.01111111111,384.555555555555,386.955555555556,570.655555555556,361.466666666667,408.388888888889,774.677777777778,442.922222222222,712.277777777778,599.422222222222,373.277777777778,601.633333333333,566.588888888889,806.544444444445,562.766666666667,628.711111111111,812.2,608.788888888889,396.222222222222,589.033333333333,867.855555555556,597.688888888889,398.311111111111,415.6,401.388888888889,494.344444444444,407.288888888889,512.533333333333,495.277777777778,549.1,443.055555555555,515.933333333333,388.388888888889,587.6,748.333333333333,1099.44444444444,928.466666666667,381.877777777778,552.911111111111,418.088888888889,1079.62222222222,445.177777777778,1085.5,586.244444444444,539.211111111111,584.966666666667,630.355555555556,579.111111111111,525.4,560.133333333333,526.855555555556,516.844444444444,379.811111111111
T15_ls_v2,546.088888888889,373.555555555555,0,904.944444444445,552.377777777778,399.122222222222,485.877777777778,834.655555555556,569.088888888889,523.3,846.388888888889,392.1,746.633333333333,611.788888888889,378.322222222222,927.177777777778,549.166666666667,572.811111111111,543.1,950.488888888889,756.088888888889,554.766666666667,494.044444444444,411.977777777778,601.266666666667,412.288888888889,859.955555555556,923.377777777778,452.711111111111,1044.23333333333,380.577777777778,414.866666666667,606.055555555556,376.644444444444,448.766666666667,793.3,488.388888888889,689.5,579.022222222222,375.122222222222,579.633333333333,601.233333333333,819.7,595.833333333333,656.044444444445,780.977777777778,639.277777777778,386.022222222222,569.277777777778,877.055555555556,574.911111111111,387.466666666667,455.377777777778,401.1,543.588888888889,447.933333333333,558.911111111111,542.233333333333,588.233333333333,488.877777777778,557.022222222222,393.566666666667,568.288888888889,765.622222222222,1097.26666666667,936.711111111111,414.322222222222,587.022222222222,412.444444444445,1078.22222222222,491.644444444444,1084.83333333333,563.577777777778,577.1,619.566666666667,657.844444444444,559.177777777778,565.266666666667,535.733333333333,569.722222222222,559.022222222222,388.144444444444
C30,884.833333333333,894.077777777778,904.944444444445,0,894.077777777778,886.2,881.644444444444,797.111111111111,921.966666666667,952.911111111111,796.066666666667,884.177777777778,898.888888888889,897.533333333333,907.2,652.988888888889,888.355555555556,921.844444444444,887.422222222222,682.677777777778,892.3,910.844444444444,881.211111111111,917.433333333333,900.411111111111,915.433333333333,797.522222222222,658.1,885.677777777778,938.066666666667,910.922222222222,879.144444444444,906.177777777778,895.988888888889,885.888888888889,900.377777777778,884.488888888889,907.511111111111,924.744444444444,904.044444444445,929.111111111111,864.644444444444,792,861.577777777778,870.233333333333,941.588888888889,904.266666666667,912.1,917.222222222222,812.044444444445,925.255555555556,913.633333333333,886.544444444444,906.777777777778,888.711111111111,884.633333333333,895.122222222222,886.488888888889,900.111111111111,881.977777777778,868.722222222222,892.111111111111,917.255555555556,901.588888888889,778.611111111111,661.988888888889,880.422222222222,902.855555555556,908.322222222222,781.166666666667,882.855555555556,937.688888888889,915.411111111111,898.755555555556,908,875.588888888889,913.722222222222,869.988888888889,966.966666666667,888.933333333333,890.922222222222,892.888888888889
TLBO_v2,266.044444444444,507.355555555556,552.377777777778,894.077777777778,0,439.366666666667,275.855555555556,804.3,815.8,773.277777777778,818.566666666667,430.788888888889,660.188888888889,483.944444444445,573.944444444444,925.111111111111,261.988888888889,816.433333333333,260.144444444444,961.955555555556,667.2,792.033333333333,276.822222222222,629.755555555556,470.177777777778,624.155555555556,836.711111111111,917.2,303.244444444445,1052.47777777778,580.688888888889,373.6,481.011111111111,508.2,313.655555555556,715.011111111111,273.833333333333,916.877777777778,823.311111111111,550.988888888889,834.166666666667,439.122222222222,781.144444444444,437.1,530.444444444445,1033.2,527.211111111111,600.777777777778,810.544444444444,865.277777777778,823.688888888889,601.244444444444,307.688888888889,549.388888888889,264.455555555556,307.155555555556,292.133333333333,262.033333333333,443.855555555556,275.366666666667,340.311111111111,501.811111111111,810.066666666667,690.4,1140.91111111111,937.444444444444,370.166666666667,446.911111111111,581.244444444444,1119.66666666667,273.822222222222,1099.92222222222,804.933333333333,426.011111111111,496.433333333333,543.422222222222,800.111111111111,348.822222222222,800.288888888889,311.922222222222,309.333333333333,480.677777777778
J15_ls_v2,426.855555555556,379.588888888889,399.122222222222,886.2,439.366666666667,0,366.088888888889,797,603.811111111111,563.311111111111,810.6,325.444444444445,692.355555555556,560.911111111111,405.866666666667,912.144444444444,432.555555555556,605.755555555556,424.044444444444,942.211111111111,687.144444444444,585.177777777778,373.366666666667,439.655555555556,556.388888888889,434.922222222222,828.122222222222,907.833333333333,340.077777777778,1037.22222222222,410.188888888889,323.788888888889,569.977777777778,383.766666666667,335.177777777778,733.4,368.911111111111,738.022222222222,612.833333333333,396.266666666667,616.755555555556,525.666666666667,779.688888888889,511.311111111111,586.255555555556,832.633333333333,606.044444444445,420.166666666667,601.244444444444,851.555555555556,609.455555555556,421.988888888889,339.033333333333,375.4,426.133333333333,336.588888888889,446.433333333333,424.666666666667,539.4,369.533333333333,456.477777777778,352.866666666667,601.033333333333,711.744444444444,1106.34444444444,924.366666666667,319.466666666667,539.833333333333,396.188888888889,1085.47777777778,371.833333333333,1084.71111111111,596.144444444444,523.644444444444,583.4,598.233333333333,589.633333333333,462.344444444444,580.011111111111,451.377777777778,443.922222222222,342.088888888889
GA2_ls,223.677777777778,440.522222222222,485.877777777778,881.644444444444,275.855555555556,366.088888888889,0,785.977777777778,740.922222222222,704.844444444445,799.466666666667,353.511111111111,657.488888888889,494.755555555556,505.577777777778,913.122222222222,231.777777777778,739.4,221.866666666667,946.922222222222,657.211111111111,716.444444444444,153.455555555556,556.944444444444,483.522222222222,552.833333333333,819.077777777778,905.655555555556,214.944444444445,1055.28888888889,513.944444444445,294.522222222222,492.533333333333,441.633333333333,226.711111111111,702.533333333333,152.533333333333,867.111111111111,748.633333333333,484.222222222222,758.488888888889,442.244444444445,760.377777777778,428.955555555556,527.877777777778,981.344444444444,546.755555555556,532.344444444444,734.155555555556,846.422222222222,750.3,531.344444444444,220.5,470.622222222222,219.622222222222,224.122222222222,277.055555555555,220.066666666667,454.444444444445,152.4,329.166666666667,425.777777777778,735.211111111111,685.7,1137.5,924.988888888889,287.666666666667,459.1,505.3,1114.7,151.966666666667,1102.75555555556,729.766666666667,436.155555555556,514.311111111111,543.055555555556,721.855555555556,334.788888888889,736.633333333333,293.977777777778,276.833333333333,402.844444444444
C15_v2,791.255555555556,821.855555555556,834.655555555556,797.111111111111,804.3,797,785.977777777778,0,876.011111111111,897.666666666667,789.155555555556,795.555555555556,839.022222222222,823.377777777778,839.688888888889,807.433333333333,797.022222222222,875.644444444444,795.2,834.655555555556,807.544444444445,863.733333333333,787.144444444444,850.833333333333,830.722222222222,848.033333333333,797.277777777778,803.611111111111,791.477777777778,970.155555555556,842.7,788.455555555556,845.711111111111,822.122222222222,792.066666666667,820.888888888889,788.955555555556,912.888888888889,880.211111111111,832.222222222222,885.511111111111,786.533333333333,776.511111111111,778.622222222222,791.988888888889,947.322222222222,841.644444444444,845.7,872.066666666667,813.711111111111,878.877777777778,847.5,792.455555555556,827.711111111111,796.133333333333,791.5,803.388888888889,792.577777777778,834.688888888889,787.666666666667,780.833333333333,811.6,871.633333333333,836.7,931.277777777778,815.5,789.177777777778,832.388888888889,833.588888888889,924.033333333333,789.233333333333,994.911111111111,869.233333333333,825.555555555555,848.555555555556,803.455555555555,866.988888888889,780.722222222222,913.877777777778,794,793.477777777778,808.155555555556
C3_ls_v2,805.755555555556,591.311111111111,569.088888888889,921.966666666667,815.8,603.811111111111,740.922222222222,876.011111111111,0,529.588888888889,883.144444444444,607.411111111111,891.811111111111,852.255555555556,556.633333333333,938.044444444444,812.944444444445,458.544444444444,807.3,960.022222222222,858.533333333333,469.966666666667,748.866666666667,530.288888888889,858.711111111111,530.711111111111,893.444444444445,932.733333333333,705.088888888889,1049.07777777778,554.044444444445,648.288888888889,863.9,595.244444444444,700.011111111111,877.922222222222,745.788888888889,633.588888888889,459.577777777778,566.011111111111,460.544444444444,821.388888888889,869.233333333333,811.211111111111,839.022222222222,659.622222222222,877.855555555556,542.222222222222,461.566666666667,908.944444444444,467.533333333333,543.866666666667,704.422222222222,554.877777777778,806.744444444444,702.755555555556,822.666666666667,803.766666666667,852.611111111111,746.077777777778,804.511111111111,571.922222222222,470.044444444444,895.044444444445,1070.48888888889,943.8,650.122222222222,850.111111111111,539.511111111111,1054.42222222222,746.911111111111,1078.87777777778,465.288888888889,844.3,872.455555555556,848.666666666667,458.266666666667,804.288888888889,524.8,815.1,808.333333333333,579.766666666667
J1_ls_v2,771.5,548.144444444444,523.3,952.911111111111,773.277777777778,563.311111111111,704.844444444445,897.666666666667,529.588888888889,0,906.066666666667,564.977777777778,861.866666666667,798.533333333333,512.666666666667,964.9,775.155555555556,531.577777777778,769.4,978.233333333333,833.7,529.355555555556,714.944444444445,494.922222222222,803.633333333333,492.455555555556,912.811111111111,963.5,665.811111111111,1009.77777777778,513.1,609.188888888889,813.266666666667,549.855555555556,658.822222222222,864.066666666667,710.488888888889,630.244444444444,535.855555555556,524.311111111111,528.866666666667,783.4,891.466666666667,771.088888888889,803.788888888889,674.988888888889,822.066666666667,501.677777777778,534.466666666667,920.533333333333,529.922222222222,500.655555555556,667.966666666667,510.6,768.733333333333,662.477777777778,780.833333333333,764.711111111111,802.133333333333,710.088888888889,765.477777777778,529.222222222222,533.055555555556,862.322222222222,1074.56666666667,970.144444444444,611.511111111111,796.766666666667,501.388888888889,1059.61111111111,710.033333333333,1041.66666666667,530.788888888889,792.288888888889,819.777777777778,809.388888888889,530.811111111111,765.988888888889,488.3,777.488888888889,773.566666666667,537.6
C7_v2,803.966666666667,835.211111111111,846.388888888889,796.066666666667,818.566666666667,810.6,799.466666666667,789.155555555556,883.144444444444,906.066666666667,0,809.6,843.311111111111,833.288888888889,851.511111111111,805.611111111111,809.622222222222,883.333333333333,806.8,830.188888888889,816.277777777778,872.333333333333,800.011111111111,862.922222222222,842.744444444444,858.7,796.344444444445,802.988888888889,804.811111111111,970.044444444445,854.833333333333,802.544444444444,854.822222222222,834.855555555556,806.111111111111,829,802.822222222222,915.755555555556,889.322222222222,847.022222222222,893.844444444444,795.8,782.911111111111,790.466666666667,801.811111111111,947.166666666667,851.866666666667,860.188888888889,880.955555555556,812.955555555556,886.877777777778,859.766666666667,807.744444444444,839.4,808.755555555556,804.855555555556,816.744444444444,806.4,846.511111111111,801.688888888889,794.277777777778,822.977777777778,881.388888888889,847.944444444445,922.166666666667,811.7,801.644444444444,843.188888888889,843.988888888889,916.077777777778,802.388888888889,991.066666666667,878.766666666667,838.6,856.422222222222,811.7,877.944444444444,793.722222222222,924.633333333333,811.111111111111,808.522222222222,820.6
J15_ls,415.344444444444,376.811111111111,392.1,884.177777777778,430.788888888889,325.444444444445,353.511111111111,795.555555555556,607.411111111111,564.977777777778,809.6,0,692.666666666667,557.8,403.488888888889,909.9,420.311111111111,607.711111111111,413,939.744444444444,687.122222222222,586.933333333333,360.077777777778,436.788888888889,548.833333333333,434.788888888889,826.633333333333,904.344444444445,327.855555555556,1034.68888888889,408.366666666667,317.033333333333,560.955555555556,378.944444444445,324.666666666667,732.488888888889,357.511111111111,740.644444444444,616.9,392.933333333333,622.044444444444,520.6,778.555555555556,507.533333333333,582.455555555556,838.033333333333,601.266666666667,416.966666666667,604.111111111111,850.244444444444,614.055555555556,416.611111111111,329.033333333333,372.466666666667,415.933333333333,327.966666666667,438.277777777778,411.866666666667,533.444444444444,359.2,447.1,348.4,603.677777777778,707.5,1108.27777777778,919.588888888889,311.844444444444,529.522222222222,396.944444444444,1087.27777777778,359.744444444444,1080.8,599.388888888889,517.288888888889,576.488888888889,593.944444444445,592.5,456.455555555556,583.255555555556,442.422222222222,433.677777777778,334.466666666667
J3,657.255555555556,723.166666666667,746.633333333333,898.888888888889,660.188888888889,692.355555555556,657.488888888889,839.022222222222,891.811111111111,861.866666666667,843.311111111111,692.666666666667,0,680.444444444445,755.111111111111,913.811111111111,651.755555555556,897.2,649.888888888889,931.722222222222,746.3,876.555555555556,661.566666666667,784.855555555556,685.255555555556,780.122222222222,854.788888888889,908.966666666667,665.211111111111,985.333333333333,758.855555555556,676.655555555556,701.222222222222,724.966666666667,665.022222222222,772.755555555556,661.311111111111,932.822222222222,902.5,742.377777777778,904.822222222222,658.111111111111,822.688888888889,658.466666666667,685.677777777778,1000.9,703.422222222222,768.166666666667,891.266666666667,865.266666666667,897.011111111111,766.722222222222,668.877777777778,744.111111111111,655.066666666667,665.388888888889,664.966666666667,653.488888888889,689.333333333333,659.111111111111,646.322222222222,717.733333333333,886.1,769.788888888889,1050.56666666667,919.188888888889,675.288888888889,683.833333333333,758.855555555556,1037.9,662.988888888889,1018.93333333333,887.033333333333,680.311111111111,702.466666666667,695.811111111111,886.611111111111,652.077777777778,879.455555555555,662.622222222222,667.144444444444,712.311111111111
T3_v2,484.522222222222,579.722222222222,611.788888888889,897.533333333333,483.944444444445,560.911111111111,494.755555555556,823.377777777778,852.255555555556,798.533333333333,833.288888888889,557.8,680.444444444445,0,629.244444444444,916.322222222222,480.6,858.8,482.355555555556,941.766666666667,706.833333333333,834.844444444444,495.722222222222,678.744444444444,475.411111111111,676.944444444445,845.7,913.144444444444,507.1,1014.26666666667,633.188888888889,530.411111111111,484.733333333333,579.188888888889,510.755555555556,742.222222222222,495.666666666667,903.133333333333,862.388888888889,610.688888888889,867.8,526.622222222222,808.022222222222,529.711111111111,584.255555555556,1012.34444444444,511.088888888889,652.588888888889,853.6,864.933333333333,860.944444444444,651.7,513.033333333333,628.422222222222,483.4,507.5,483.011111111111,482.288888888889,470,497.022222222222,488.566666666667,599.155555555556,847.655555555556,713.211111111111,1074.52222222222,928.411111111111,525.311111111111,464.677777777778,657.566666666667,1057.45555555556,494.833333333333,1057.68888888889,848.188888888889,460.711111111111,488.333333333333,587.144444444444,843.344444444444,498.988888888889,820.233333333333,508.488888888889,505.011111111111,587.866666666667
T7_ls,566.9,380.588888888889,378.322222222222,907.2,573.944444444444,405.866666666667,505.577777777778,839.688888888889,556.633333333333,512.666666666667,851.511111111111,403.488888888889,755.111111111111,629.244444444444,0,928.322222222222,570.977777777778,558.666666666667,564.711111111111,949.966666666667,764.766666666667,541.888888888889,516.588888888889,403.477777777778,620.344444444444,406.433333333333,863.966666666667,925.522222222222,469.788888888889,1044.8,377.522222222222,427.988888888889,623.577777777778,383.677777777778,466.066666666667,802.8,509.311111111111,676.066666666667,564.5,374.666666666667,564.711111111111,617.933333333333,825.133333333333,611.822222222222,668.344444444444,764.411111111111,654.822222222222,381.3,554.2,879.755555555556,559.9,383.233333333333,472.544444444444,399.466666666667,565.066666666667,466.944444444445,580.1,564.377777777778,606.488888888889,509.4,576.966666666667,399.444444444445,552.144444444444,775.766666666667,1095.18888888889,936.522222222222,426.977777777778,607.188888888889,411.766666666667,1075.98888888889,510.566666666667,1082.95555555556,550.055555555556,595.8,636.8,671.877777777778,545.322222222222,584.566666666667,519.122222222222,588.2,582.9,391.977777777778
C7,917.177777777778,917.622222222222,927.177777777778,652.988888888889,925.111111111111,912.144444444444,913.122222222222,807.433333333333,938.044444444444,964.9,805.611111111111,909.9,913.811111111111,916.322222222222,928.322222222222,0,919.166666666667,939.1,919.655555555556,663.733333333333,910.511111111111,928.122222222222,914.533333333333,936.755555555556,921.8,933.755555555556,805.422222222222,647.244444444444,915.911111111111,927.144444444444,931.577777777778,909.444444444445,926.588888888889,918.311111111111,917.588888888889,917.9,915.811111111111,900.633333333333,940.933333333333,925.144444444444,946.322222222222,890.922222222222,805.566666666667,889.366666666667,890.333333333333,933.422222222222,922.233333333333,932.088888888889,935.7,814.1,941.577777777778,935.155555555556,917.355555555556,929.255555555556,921.233333333333,917.133333333333,924.866666666667,918.833333333333,921.566666666667,914.477777777778,896.777777777778,917.255555555556,934.222222222222,918.2,736.377777777778,644.4,909.477777777778,924.933333333333,932.8,740.844444444444,914.533333333333,920.944444444445,933.177777777778,921.233333333333,927.1,896.622222222222,932.311111111111,899.266666666667,980.644444444445,920.1,922.222222222222,916.411111111111
GA30,210.211111111111,500.833333333333,549.166666666667,888.355555555556,261.988888888889,432.555555555556,231.777777777778,797.022222222222,812.944444444445,775.155555555556,809.622222222222,420.311111111111,651.755555555556,480.6,570.977777777778,919.166666666667,0,813.8,204.666666666667,956.433333333333,664.255555555556,789.733333333333,227.322222222222,625.077777777778,464.722222222222,622.366666666667,831.344444444444,912.011111111111,281.433333333333,1059.6,578.611111111111,358.055555555555,471.733333333333,502.944444444445,288.4,711.844444444444,228.311111111111,920.355555555556,822.011111111111,547,831.088888888889,431.733333333333,771.488888888889,426.933333333333,522.833333333333,1037.85555555556,526.222222222222,598.7,806.577777777778,856.355555555556,823.011111111111,599.877777777778,282.5,543.155555555556,210.844444444444,285.9,256.677777777778,204.6,430.666666666667,226.977777777778,313.944444444444,492.711111111111,806.277777777778,682.7,1144.03333333333,933.766666666667,353.533333333333,440.944444444445,574.811111111111,1122.27777777778,226.611111111111,1107.57777777778,802.255555555556,417.644444444444,492.977777777778,533.588888888889,794.322222222222,323.166666666667,806.077777777778,280.6,274.277777777778,471.244444444445
C7_ls,806.277777777778,593.5,572.811111111111,921.844444444444,816.433333333333,605.755555555556,739.4,875.644444444444,458.544444444444,531.577777777778,883.333333333333,607.711111111111,897.2,858.8,558.666666666667,939.1,813.8,0,806.266666666667,961.011111111111,861.188888888889,458.777777777778,749.233333333333,534.744444444444,863.344444444445,531.766666666667,894.988888888889,934.877777777778,705.566666666667,1053.37777777778,556.988888888889,647.544444444445,869.911111111111,596.988888888889,698.244444444444,880.955555555556,744.511111111111,643.177777777778,447.455555555556,569.066666666667,448.844444444444,825.333333333333,870.777777777778,815.133333333333,848.366666666667,668.922222222222,883.333333333333,544.411111111111,446.866666666667,908.733333333333,460.611111111111,544.944444444444,704.388888888889,556.911111111111,806.555555555556,701.1,822.788888888889,805.2,857.355555555556,745.266666666667,806.966666666667,574.666666666667,461.366666666667,901.833333333333,1079.32222222222,945.166666666667,650.355555555556,855.055555555555,543.366666666667,1063.47777777778,745.544444444445,1084.91111111111,455.944444444445,848.444444444444,879.733333333333,852.433333333333,445.544444444444,807.966666666667,528.388888888889,816.288888888889,810.366666666667,580.555555555556
GA20,208.988888888889,493.144444444444,543.1,887.422222222222,260.144444444444,424.044444444444,221.866666666667,795.2,807.3,769.4,806.8,413,649.888888888889,482.355555555556,564.711111111111,919.655555555556,204.666666666667,806.266666666667,0,953.722222222222,658.966666666667,783.622222222222,217.766666666667,618.1,466.966666666667,614.988888888889,829.588888888889,910.788888888889,275.077777777778,1056.37777777778,572.833333333333,348.366666666667,476.177777777778,495.877777777778,280.022222222222,706.844444444444,218.466666666667,914.955555555556,813.855555555556,541.333333333333,823.533333333333,430.644444444444,769.8,426.288888888889,524.877777777778,1031.18888888889,527.466666666667,592.522222222222,798.644444444444,856.377777777778,815.677777777778,592.988888888889,277.455555555556,538.133333333333,202.644444444444,277.966666666667,254.1,196.688888888889,435.888888888889,217.088888888889,315.455555555556,486.822222222222,798.277777777778,682.455555555556,1144.07777777778,931.966666666667,343.244444444444,443.233333333333,566.788888888889,1122.07777777778,222.788888888889,1103.06666666667,796.544444444444,420.355555555556,496.822222222222,536.788888888889,787.188888888889,325.011111111111,795.055555555556,283.622222222222,266.988888888889,462.911111111111
C1,952.222222222222,943.622222222222,950.488888888889,682.677777777778,961.955555555556,942.211111111111,946.922222222222,834.655555555556,960.022222222222,978.233333333333,830.188888888889,939.744444444444,931.722222222222,941.766666666667,949.966666666667,663.733333333333,956.433333333333,961.011111111111,953.722222222222,0,931.955555555556,952.633333333333,949.577777777778,958.355555555556,948.711111111111,957.4,822.6,672.022222222222,948.6,918.722222222222,953.222222222222,940.155555555556,952.522222222222,943.822222222222,952.344444444444,937.588888888889,948.944444444444,905.7,964.311111111111,948.1,966.5,923.633333333333,836.9,923.188888888889,920.288888888889,934.511111111111,945.166666666667,954.288888888889,960.5,819.055555555556,961.044444444445,957.044444444444,948.444444444444,952.944444444444,956.188888888889,948.333333333333,959.933333333333,954.233333333333,949.1,949.455555555556,933.177777777778,945.188888888889,955.177777777778,940.244444444445,722.533333333333,662.444444444444,940.188888888889,952.466666666667,955.533333333333,728.555555555556,950.577777777778,903.988888888889,956.288888888889,949.633333333333,952.566666666667,923.466666666667,956.466666666667,933.066666666667,992,959.322222222222,958.644444444444,947.388888888889
T1_v2,655.022222222222,734.622222222222,756.088888888889,892.3,667.2,687.144444444444,657.211111111111,807.544444444445,858.533333333333,833.7,816.277777777778,687.122222222222,746.3,706.833333333333,764.766666666667,910.511111111111,664.255555555556,861.188888888889,658.966666666667,931.955555555556,0,844.166666666667,657.133333333333,777.244444444444,716.955555555556,773.622222222222,826.022222222222,902.666666666667,663.955555555556,914.433333333333,767.111111111111,669.2,740.655555555556,735,664.788888888889,665.855555555556,660.722222222222,907.833333333333,865.422222222222,752.522222222222,868.322222222222,678.855555555556,797.677777777778,666.1,695.311111111111,948.688888888889,737.055555555556,774.355555555556,858.344444444444,846.944444444445,860.044444444445,773.488888888889,667.933333333333,734.633333333333,661.5,661.733333333333,664.488888888889,655.677777777778,724.5,659.788888888889,657.511111111111,711.7,851.311111111111,745.444444444444,1023.66666666667,918.044444444445,669.722222222222,714.911111111111,747.088888888889,1012.26666666667,659.933333333333,952.255555555556,850.2,707.522222222222,741.544444444445,710.666666666667,850.466666666667,658.333333333333,854.711111111111,653.611111111111,659.555555555556,703.411111111111
C30_ls_v2,779.122222222222,574.722222222222,554.766666666667,910.844444444444,792.033333333333,585.177777777778,716.444444444444,863.733333333333,469.966666666667,529.355555555556,872.333333333333,586.933333333333,876.555555555556,834.844444444444,541.888888888889,928.122222222222,789.733333333333,458.777777777778,783.622222222222,952.633333333333,844.166666666667,0,723.988888888889,521.188888888889,839.944444444445,518.988888888889,883.1,926.188888888889,681.388888888889,1046.13333333333,540.655555555556,623.922222222222,846.044444444444,576.077777777778,674.4,865.444444444444,720.333333333333,639.488888888889,463.077777777778,553.8,465.466666666667,802.533333333333,858.288888888889,789.933333333333,822.855555555556,671.722222222222,860.8,529.255555555556,458.422222222222,898.4,471.988888888889,531.077777777778,681.255555555556,542.4,783.311111111111,677.122222222222,798.522222222222,780.577777777778,833.244444444444,721.333333333333,781.1,555.955555555556,468.833333333333,881.744444444444,1070.92222222222,934.477777777778,626.977777777778,832.188888888889,528.944444444444,1054.63333333333,721.655555555556,1079.2,465.166666666667,823.822222222222,854.533333333333,830.788888888889,456.344444444444,781.877777777778,529.966666666667,790.955555555556,785.455555555556,562.577777777778
GA5_ls,220.955555555555,448.444444444445,494.044444444444,881.211111111111,276.822222222222,373.366666666667,153.455555555556,787.144444444444,748.866666666667,714.944444444445,800.011111111111,360.077777777778,661.566666666667,495.722222222222,516.588888888889,914.533333333333,227.322222222222,749.233333333333,217.766666666667,949.577777777778,657.133333333333,723.988888888889,0,565.933333333333,482.733333333333,562.355555555556,820.466666666667,906.755555555556,223.2,1053.65555555556,522.088888888889,300.933333333333,492.188888888889,449.311111111111,229.655555555556,705.788888888889,145.366666666667,874.166666666667,757.022222222222,494.322222222222,767.3,441.655555555556,761.411111111111,427.655555555556,530.466666666667,987.688888888889,547.833333333333,542.466666666667,742.588888888889,848.011111111111,758.866666666667,541.466666666667,224.511111111111,478.633333333333,213.655555555556,225.577777777778,272.844444444444,211.9,451.522222222222,144.5,328.044444444444,433.3,742.955555555556,689.711111111111,1139.95555555556,928.088888888889,292.677777777778,459.266666666667,514.266666666667,1117.06666666667,143.4,1102.38888888889,738.155555555556,436.122222222222,513.122222222222,544.933333333333,728.822222222222,334.222222222222,745.133333333333,292.9,275.844444444444,409.811111111111
T1_ls,619.644444444444,423.933333333333,411.977777777778,917.433333333333,629.755555555556,439.655555555556,556.944444444444,850.833333333333,530.288888888889,494.922222222222,862.922222222222,436.788888888889,784.855555555556,678.744444444444,403.477777777778,936.755555555556,625.077777777778,534.744444444444,618.1,958.355555555556,777.244444444444,521.188888888889,565.933333333333,0,674.711111111111,411.355555555556,874.133333333333,932.955555555555,520.333333333333,1042.5,405.355555555556,470.711111111111,680.144444444444,425.422222222222,512.633333333333,813.988888888889,560.5,657.855555555556,539.266666666667,410.1,538.166666666667,663.077777777778,839.566666666667,655.388888888889,703.2,733.555555555556,705.811111111111,402.533333333333,531.966666666667,889.588888888889,534.533333333333,404.733333333333,518.733333333333,415.633333333333,618.966666666667,514.155555555556,633.422222222222,618.233333333333,664.366666666667,560.166666666667,627.666666666667,423.433333333333,528.644444444444,794.355555555556,1091.86666666667,945.8,470.166666666667,663.377777777778,419.133333333333,1073.57777777778,562.288888888889,1078.41111111111,524.377777777778,652.1,689.788888888889,708.2,522.355555555556,631.222222222222,499.688888888889,637.588888888889,629.133333333333,421.9
T7_v2,471.133333333333,566.533333333333,601.266666666667,900.411111111111,470.177777777778,556.388888888889,483.522222222222,830.722222222222,858.711111111111,803.633333333333,842.744444444444,548.833333333333,685.255555555556,475.411111111111,620.344444444444,921.8,464.722222222222,863.344444444445,466.966666666667,948.711111111111,716.955555555556,839.944444444445,482.733333333333,674.711111111111,0,674.6,854.533333333333,917.777777777778,497.488888888889,1031.87777777778,625.377777777778,521.133333333333,444.988888888889,566.155555555556,499.944444444445,755.188888888889,483.011111111111,910.077777777778,869.155555555556,601.055555555556,872.366666666667,513.722222222222,811.655555555556,525.122222222222,587.422222222222,1029.73333333333,490.366666666667,645.622222222222,856.655555555556,875.011111111111,865.422222222222,644.577777777778,501.155555555556,624.522222222222,469.566666666667,495.622222222222,466.733333333333,466.988888888889,434.433333333333,481.877777777778,472.444444444445,594.411111111111,852.933333333333,721.466666666667,1084.82222222222,933.022222222222,516.677777777778,431.866666666667,656.977777777778,1065.84444444444,481.444444444445,1072.78888888889,851.066666666667,427.3,458.766666666667,586.311111111111,848.4,488.4,823.2,498.411111111111,499.444444444445,582.944444444444
T1_ls_v2,618.488888888889,425.222222222222,412.288888888889,915.433333333333,624.155555555556,434.922222222222,552.833333333333,848.033333333333,530.711111111111,492.455555555556,858.7,434.788888888889,780.122222222222,676.944444444445,406.433333333333,933.755555555556,622.366666666667,531.766666666667,614.988888888889,957.4,773.622222222222,518.988888888889,562.355555555556,411.355555555556,674.6,0,871.888888888889,930.044444444444,515.711111111111,1038.92222222222,404.177777777778,467.2,679.255555555556,426.266666666667,509.255555555555,811.322222222222,558.011111111111,654.566666666667,537.555555555556,409.788888888889,535.877777777778,659.3,836.811111111111,653.277777777778,700.466666666667,729.844444444445,700.877777777778,401.355555555556,531.788888888889,884.811111111111,534.711111111111,402.6,517.711111111111,413.766666666667,617.188888888889,513.888888888889,631.133333333333,615.677777777778,665.233333333333,558.5,624.6,416.677777777778,528.888888888889,791.222222222222,1091.31111111111,944.977777777778,467.633333333333,662.977777777778,415.155555555556,1072.71111111111,560.222222222222,1075.74444444445,525.622222222222,652.655555555556,691.344444444444,706.844444444444,522.577777777778,628.088888888889,499.155555555556,630.877777777778,625.688888888889,419.988888888889
C3_v2,825.2,848.822222222222,859.955555555556,797.522222222222,836.711111111111,828.122222222222,819.077777777778,797.277777777778,893.444444444445,912.811111111111,796.344444444445,826.633333333333,854.788888888889,845.7,863.966666666667,805.422222222222,831.344444444444,894.988888888889,829.588888888889,822.6,826.022222222222,883.1,820.466666666667,874.133333333333,854.533333333333,871.888888888889,0,801.4,824.111111111111,961.855555555556,866.311111111111,819.155555555556,867.766666666667,847.911111111111,825.188888888889,839.922222222222,823.877777777778,916.344444444444,897.155555555556,858.9,903.5,812.233333333333,787.411111111111,805.166666666667,815.755555555556,950.066666666667,863.3,871.644444444444,892.522222222222,816.544444444445,895.4,870.511111111111,826.822222222222,855.233333333333,829.166666666667,822.8,837.244444444444,826.277777777778,859.588888888889,822.3,812.466666666667,838.455555555556,889.755555555556,855.911111111111,907.977777777778,809.466666666667,819.166666666667,856.533333333333,858.244444444444,902.2,822.377777777778,980.211111111111,887.044444444445,850.7,869.366666666667,827.6,886.911111111111,812.422222222222,928.488888888889,828.544444444444,828.2,837.722222222222
C15,908.6,913.755555555556,923.377777777778,658.1,917.2,907.833333333333,905.655555555556,803.611111111111,932.733333333333,963.5,802.988888888889,904.344444444445,908.966666666667,913.144444444444,925.522222222222,647.244444444444,912.011111111111,934.877777777778,910.788888888889,672.022222222222,902.666666666667,926.188888888889,906.755555555556,932.955555555555,917.777777777778,930.044444444444,801.4,0,908.8,929.455555555555,926.822222222222,901.977777777778,922.7,914.733333333333,910.522222222222,908.833333333333,908.1,904.655555555556,938.511111111111,921.544444444445,943.477777777778,882.988888888889,802.522222222222,880.677777777778,886.577777777778,936.422222222222,918.277777777778,930.266666666667,930.322222222222,812.455555555555,937.644444444444,932.8,910.044444444445,926.211111111111,912.3,909.488888888889,918.888888888889,911.277777777778,917.855555555556,906.811111111111,890.777777777778,913.544444444445,930.6,917.4,751.955555555556,651.333333333333,901.566666666667,920.177777777778,926.466666666667,756.222222222222,908.066666666667,921.922222222222,929.244444444444,916.255555555556,922.766666666667,889.177777777778,927.8,890.733333333333,978.444444444444,914.1,913.244444444444,913.811111111111
TLBO_ls,276.911111111111,411,452.711111111111,885.677777777778,303.244444444445,340.077777777778,214.944444444445,791.477777777778,705.088888888889,665.811111111111,804.811111111111,327.855555555556,665.211111111111,507.1,469.788888888889,915.911111111111,281.433333333333,705.566666666667,275.077777777778,948.6,663.955555555556,681.388888888889,223.2,520.333333333333,497.488888888889,515.711111111111,824.111111111111,908.8,0,1053.12222222222,476.866666666667,281.222222222222,508.966666666667,412.533333333333,224.9,714.055555555556,217.811111111111,834.5,713,450.477777777778,722.322222222222,458.211111111111,767.9,445.433333333333,541.933333333333,945.266666666667,559.633333333333,495.644444444444,700.233333333333,851.366666666667,714,495.066666666667,223.4,437.477777777778,272.655555555556,228.066666666667,312.666666666667,271.211111111111,470.166666666667,220.877777777778,354.933333333333,393.855555555556,700,690.044444444445,1136.88888888889,928.044444444445,269.655555555556,474.4,470.044444444444,1114.62222222222,219.266666666667,1100.81111111111,694.8,453.1,528.633333333333,557.622222222222,687.644444444444,358.555555555555,691.577777777778,328.433333333333,309.577777777778,373.144444444444
J1_v2,1052.5,1044.01111111111,1044.23333333333,938.066666666667,1052.47777777778,1037.22222222222,1055.28888888889,970.155555555556,1049.07777777778,1009.77777777778,970.044444444445,1034.68888888889,985.333333333333,1014.26666666667,1044.8,927.144444444444,1059.6,1053.37777777778,1056.37777777778,918.722222222222,914.433333333333,1046.13333333333,1053.65555555556,1042.5,1031.87777777778,1038.92222222222,961.855555555556,929.455555555555,1053.12222222222,0,1046.54444444444,1037.76666666667,1037.46666666667,1044.87777777778,1054.46666666667,924.622222222222,1055.24444444444,956.4,1057.65555555556,1044.62222222222,1055.95555555556,1011.55555555556,976.355555555556,1007.71111111111,997.188888888889,968.877777777778,1020.53333333333,1046.16666666667,1054.68888888889,959.977777777778,1049.5,1046.01111111111,1059.01111111111,1039.57777777778,1064.46666666667,1054.23333333333,1055.12222222222,1056.33333333333,1041.11111111111,1056.08888888889,1029.05555555556,1032.04444444444,1046.14444444444,972.988888888889,736.855555555556,919.655555555556,1043,1034.01111111111,1038.76666666667,747.766666666667,1057.27777777778,520.022222222222,1049.52222222222,1035.35555555556,1033.13333333333,999.322222222222,1054.32222222222,1035.05555555556,1019.92222222222,1052.42222222222,1058.21111111111,1037.13333333333
